(26232418, 209424658)
(209424658, 208932380)
(208932380, 182070156)
(182070156, 9001637867)
(9001637867, 9001637842)
(9001637842, 9999714464)
(9999714464, 225104791)
(225104791, 9015557882)
(9015557882, 9015589705)
(9015589705, 1454537655)
(1454537655, 1448487585)
(1448487585, 10167461285)
(10167461285, 9962290375)
(9962290375, 208863137)
(208863137, 9017414767)
(9017414767, 208863151)
(208863151, 7796804694)
(7796804694, 6896814368)
(6896814368, 6896814375)
(6896814375, 6896814378)
(6896814378, 6896814380)
(6896814380, 209424768)
(209424768, 6896848386)
(6896848386, 6896848389)
(6896848389, 209424847)
(209424847, 209424819)
(209424819, 6896848386)
(6896848386, 209424825)
(209424825, 209424833)
(209424833, 209424870)
(209424870, 209424860)
(209424860, 209424829)
(209424829, 209424825)
(209424825, 209424833)
(209424833, 209424837)
(209424837, 209424842)
(209424842, 209424837)
(209424837, 6896848389)
(6896848389, 31776992)
(31776992, 31776991)
(31776991, 209424847)
(209424847, 209424855)
(209424855, 209424815)
(209424815, 209424819)
(209424819, 209424845)
(209424845, 209424768)
(209424768, 209424829)
(209424829, 209424754)
(209424754, 209424765)
(209424765, 209424759)
(209424759, 209424753)
(209424753, 6896814378)
(6896814378, 209424721)
(209424721, 9015557882)
(9015557882, 9005120097)
(9005120097, 31777093)
(31777093, 6896814375)
(6896814375, 31777096)
(31777096, 209424753)
(209424753, 209424754)
(209424754, 6896814380)
(6896814380, 209424686)
(209424686, 9015589705)
(9015589705, 225104797)
(225104797, 225104801)
(225104801, 225104789)
(225104789, 9004963072)
(9004963072, 1215824127)
(1215824127, 3373402626)
(3373402626, 3528721962)
(3528721962, 209459376)
(209459376, 810119909)
(810119909, 293706604)
(293706604, 1242134829)
(1242134829, 209473680)
(209473680, 209473687)
(209473687, 209473688)
(209473688, 209473693)
(209473693, 209473688)
(209473688, 9424630887)
(9424630887, 209459409)
(209459409, 209459412)
(209459412, 209451605)
(209451605, 9424630887)
(9424630887, 209451598)
(209451598, 209473693)
(209473693, 209459381)
(209459381, 810119909)
(810119909, 805047843)
(805047843, 2148391688)
(2148391688, 2148391687)
(2148391687, 2148391676)
(2148391676, 2148391684)
(2148391684, 2743931689)
(2743931689, 209451575)
(209451575, 209451580)
(209451580, 8980062370)
(8980062370, 1417691420)
(1417691420, 8981434218)
(8981434218, 8983222613)
(8983222613, 8992915004)
(8992915004, 209459453)
(209459453, 8983222613)
(8983222613, 4513404834)
(4513404834, 4513404842)
(4513404842, 4513404834)
(4513404834, 3604364534)
(3604364534, 2743931692)
(2743931692, 3373392906)
(3373392906, 459929658)
(459929658, 459929660)
(459929660, 1215824127)
(1215824127, 208962866)
(208962866, 209027839)
(209027839, 209027843)
(209027843, 209027846)
(209027846, 269197137)
(269197137, 290287297)
(290287297, 290287298)
(290287298, 291670077)
(291670077, 300079519)
(300079519, 300079530)
(300079530, 300079534)
(300079534, 309994087)
(309994087, 309994088)
(309994088, 319987376)
(319987376, 438329552)
(438329552, 438331727)
(438331727, 438331678)
(438331678, 437788054)
(437788054, 437788053)
(437788053, 438329450)
(438329450, 438329552)
(438329552, 437788049)
(437788049, 437788048)
(437788048, 438331727)
(438331727, 437865929)
(437865929, 437788047)
(437788047, 437788048)
(437788048, 437788054)
(437788054, 437788055)
(437788055, 437788056)
(437788056, 437735059)
(437735059, 437788056)
(437788056, 437788046)
(437788046, 437788047)
(437788047, 437788055)
(437788055, 437735056)
(437735056, 437735059)
(437735059, 361890899)
(361890899, 361889242)
(361889242, 437731034)
(437731034, 438111583)
(438111583, 438111575)
(438111575, 1825900796)
(1825900796, 1834639131)
(1834639131, 1743954801)
(1743954801, 1743954804)
(1743954804, 209450053)
(209450053, 209450080)
(209450080, 209450092)
(209450092, 209450079)
(209450079, 209450080)
(209450080, 209450083)
(209450083, 209450086)
(209450086, 182062200)
(182062200, 182062201)
(182062201, 182062204)
(182062204, 182062201)
(182062201, 1568257795)
(1568257795, 823567720)
(823567720, 893724009)
(893724009, 9004963072)
(9004963072, 9004963073)
(9004963073, 9017164927)
(9017164927, 208962866)
(208962866, 208863215)
(208863215, 208863257)
(208863257, 208863259)
(208863259, 182070159)
(182070159, 208863257)
(208863257, 459929658)
(459929658, 459929660)
(459929660, 458975105)
(458975105, 3373392906)
(3373392906, 1768204854)
(1768204854, 459929479)
(459929479, 459929479)
(459929479, 459929513)
(459929513, 208863270)
(208863270, 208863264)
(208863264, 208863270)
(208863270, 1768204854)
(1768204854, 1766419089)
(1766419089, 209481403)
(209481403, 209481407)
(209481407, 1369179625)
(1369179625, 1468867129)
(1468867129, 1456706534)
(1456706534, 437733314)
(437733314, 31700821)
(31700821, 1456706534)
(1456706534, 437733306)
(437733306, 438111555)
(438111555, 361889242)
(361889242, 221101680)
(221101680, 127970529)
(127970529, 438331678)
(438331678, 31777167)
(31777167, 438329450)
(438329450, 221101673)
(221101673, 438328640)
(438328640, 438328642)
(438328642, 438328644)
(438328644, 438303130)
(438303130, 438303137)
(438303137, 209473675)
(209473675, 1242134829)
(1242134829, 1302059437)
(1302059437, 8992962930)
(8992962930, 2743931692)
(2743931692, 477524374)
(477524374, 471062551)
(471062551, 471062548)
(471062548, 471062543)
(471062543, 461989044)
(461989044, 209046770)
(209046770, 209046768)
(209046768, 209049350)
(209049350, 209049352)
(209049352, 300079519)
(300079519, 299836990)
(299836990, 299836991)
(299836991, 237599901)
(237599901, 226496783)
(226496783, 226496785)
(226496785, 209481473)
(209481473, 209481478)
(209481478, 209481470)
(209481470, 209481482)
(209481482, 209481470)
(209481470, 209481466)
(209481466, 209481462)
(209481462, 1417691449)
(1417691449, 213870488)
(213870488, 213870484)
(213870484, 1417691449)
(1417691449, 213878713)
(213878713, 213903147)
(213903147, 209459372)
(209459372, 209459367)
(209459367, 209459446)
(209459446, 209459434)
(209459434, 209459437)
(209459437, 8983222613)
(8983222613, 8983332193)
(8983332193, 803832347)
(803832347, 10892382609)
(10892382609, 209459367)
(209459367, 209459437)
(209459437, 803832347)
(803832347, 803832324)
(803832324, 803832324)
(803832324, 803832324)
(803832324, 803832321)
(803832321, 823567720)
(823567720, 8974853416)
(8974853416, 8974909601)
(8974909601, 8976944118)
(8976944118, 8976944138)
(8976944138, 209451572)
(209451572, 209451575)
(209451575, 209046781)
(209046781, 209046778)
(209046778, 209451572)
(209451572, 2743931689)
(2743931689, 3604364534)
(3604364534, 477524393)
(477524393, 538135517)
(538135517, 209493488)
(209493488, 209493480)
(209493480, 1188375701)
(1188375701, 1188375645)
(1188375645, 1188375701)
(1188375701, 209493311)
(209493311, 209493341)
(209493341, 209493361)
(209493361, 209493454)
(209493454, 309994087)
(309994087, 209507837)
(209507837, 209507839)
(209507839, 209508004)
(209508004, 209493291)
(209493291, 209493289)
(209493289, 209493283)
(209493283, 209507839)
(209507839, 209493280)
(209493280, 209493283)
(209493283, 209508036)
(209508036, 209507837)
(209507837, 209493254)
(209493254, 209493280)
(209493280, 209493277)
(209493277, 209493272)
(209493272, 209493277)
(209493277, 209493251)
(209493251, 209493254)
(209493254, 209493361)
(209493361, 209493338)
(209493338, 209493344)
(209493344, 209493454)
(209493454, 209493262)
(209493262, 209493289)
(209493289, 209493291)
(209493291, 209493266)
(209493266, 209493262)
(209493262, 209508036)
(209508036, 213870488)
(213870488, 438304327)
(438304327, 1766430892)
(1766430892, 1768863521)
(1768863521, 438304330)
(438304330, 438304334)
(438304334, 438304337)
(438304337, 438304340)
(438304340, 438304343)
(438304343, 209481429)
(209481429, 209481466)
(209481466, 209481450)
(209481450, 209481454)
(209481454, 209481482)
(209481482, 209493307)
(209493307, 209493310)
(209493310, 209493303)
(209493303, 209493307)
(209493307, 32553891)
(32553891, 209493488)
(209493488, 1188375645)
(1188375645, 209473962)
(209473962, 209473955)
(209473955, 209473952)
(209473952, 209473947)
(209473947, 209473943)
(209473943, 209481462)
(209481462, 4699016521)
(4699016521, 209481421)
(209481421, 438304327)
(438304327, 438304330)
(438304330, 209473939)
(209473939, 209473943)
(209473943, 209473884)
(209473884, 209473888)
(209473888, 209473947)
(209473947, 209473952)
(209473952, 209473891)
(209473891, 209473894)
(209473894, 209473880)
(209473880, 209473870)
(209473870, 438304343)
(438304343, 438304346)
(438304346, 1448487585)
(1448487585, 438304349)
(438304349, 10167461285)
(10167461285, 209481369)
(209481369, 209481403)
(209481403, 209481399)
(209481399, 209481437)
(209481437, 209481435)
(209481435, 209481473)
(209481473, 209473970)
(209473970, 209493299)
(209493299, 209481376)
(209481376, 209493408)
(209493408, 209493272)
(209493272, 209493248)
(209493248, 209493311)
(209493311, 209493338)
(209493338, 209493335)
(209493335, 209493480)
(209493480, 538135517)
(538135517, 209473960)
(209473960, 209481454)
(209481454, 31777008)
(31777008, 209473888)
(209473888, 209473891)
(209473891, 31777009)
(31777009, 209473960)
(209473960, 32553891)
(32553891, 209473962)
(209473962, 209493310)
(209493310, 209493244)
(209493244, 209481376)
(209481376, 209481437)
(209481437, 226496783)
(226496783, 209481439)
(209481439, 159117733)
(159117733, 1766419089)
(1766419089, 208863169)
(208863169, 209481407)
(209481407, 209481366)
(209481366, 209481363)
(209481363, 1369179625)
(1369179625, 208863161)
(208863161, 208863157)
(208863157, 208863161)
(208863161, 208863169)
(208863169, 208863215)
(208863215, 1215824127)
(1215824127, 1215827356)
(1215827356, 3373402629)
(3373402629, 3373402628)
(3373402628, 208863250)
(208863250, 208863123)
(208863123, 209444337)
(209444337, 208863132)
(208863132, 208863137)
(208863137, 208863151)
(208863151, 208863157)
(208863157, 1468867129)
(1468867129, 438303032)
(438303032, 209481363)
(209481363, 209481366)
(209481366, 209481369)
(209481369, 209473864)
(209473864, 438304346)
(438304346, 209481432)
(209481432, 209481435)
(209481435, 438304349)
(438304349, 209481399)
(209481399, 159117733)
(159117733, 127986323)
(127986323, 127970525)
(127970525, 127970529)
(127970529, 437735056)
(437735056, 420286893)
(420286893, 9005010087)
(9005010087, 225104789)
(225104789, 31777091)
(31777091, 225104791)
(225104791, 225104797)
(225104797, 209424677)
(209424677, 209424675)
(209424675, 209424677)
(209424677, 9999714464)
(9999714464, 31777090)
(31777090, 9004963072)
(9004963072, 8997083710)
(8997083710, 8996944106)
(8996944106, 8996944095)
(8996944095, 9001554553)
(9001554553, 9001637867)
(9001637867, 9001690915)
(9001690915, 31777089)
(31777089, 9001637842)
(9001637842, 209424675)
(209424675, 9001554553)
(9001554553, 182070155)
(182070155, 182070156)
(182070156, 31777087)
(31777087, 182070157)
(182070157, 208932369)
(208932369, 31777086)
(31777086, 31777087)
(31777087, 9001690915)
(9001690915, 208932399)
(208932399, 9017164927)
(9017164927, 31705850)
(31705850, 182070157)
(182070157, 208932399)
(208932399, 9004963073)
(9004963073, 31777089)
(31777089, 31777090)
(31777090, 31777091)
(31777091, 9005120097)
(9005120097, 420286893)
(420286893, 6896814371)
(6896814371, 209424725)
(209424725, 9005010087)
(9005010087, 225104751)
(225104751, 225104760)
(225104760, 225104767)
(225104767, 225104760)
(225104760, 893724009)
(893724009, 3373402626)
(3373402626, 9017718921)
(9017718921, 9027096896)
(9027096896, 225104777)
(225104777, 225104781)
(225104781, 1215827356)
(1215827356, 1215827364)
(1215827364, 1215827361)
(1215827361, 225106249)
(225106249, 225106245)
(225106245, 1215827361)
(1215827361, 1215827353)
(1215827353, 31777098)
(31777098, 225106249)
(225106249, 208863246)
(208863246, 1215827364)
(1215827364, 209424747)
(209424747, 6896814368)
(6896814368, 225106245)
(225106245, 31777096)
(31777096, 1215827353)
(1215827353, 30451686)
(30451686, 209424759)
(209424759, 209424727)
(209424727, 209424747)
(209424747, 225104781)
(225104781, 208863242)
(208863242, 3373402629)
(3373402629, 1215827358)
(1215827358, 1239271555)
(1239271555, 209473664)
(209473664, 438303032)
(438303032, 438303061)
(438303061, 438303087)
(438303087, 209473754)
(209473754, 209473760)
(209473760, 438303061)
(438303061, 209473591)
(209473591, 209473664)
(209473664, 209473612)
(209473612, 209473668)
(209473668, 209424929)
(209424929, 209424883)
(209424883, 209424935)
(209424935, 209424896)
(209424896, 209424893)
(209424893, 209424892)
(209424892, 209424880)
(209424880, 209424746)
(209424746, 32585979)
(32585979, 32586033)
(32586033, 209424880)
(209424880, 209424739)
(209424739, 209424765)
(209424765, 209424860)
(209424860, 209424742)
(209424742, 209424892)
(209424892, 32585978)
(32585978, 209424935)
(209424935, 209473600)
(209473600, 209473604)
(209473604, 209473617)
(209473617, 2148391687)
(2148391687, 209424913)
(209424913, 209424909)
(209424909, 209473600)
(209473600, 209424888)
(209424888, 209473668)
(209473668, 209473608)
(209473608, 209473612)
(209473612, 209473585)
(209473585, 209473617)
(209473617, 209473660)
(209473660, 438303087)
(438303087, 2148391684)
(2148391684, 438303103)
(438303103, 438303107)
(438303107, 438303111)
(438303111, 209473639)
(209473639, 209473643)
(209473643, 209473648)
(209473648, 438304334)
(438304334, 209473656)
(209473656, 209473939)
(209473939, 4699016521)
(4699016521, 5080594763)
(5080594763, 31777146)
(31777146, 31777142)
(31777142, 31701568)
(31701568, 31701547)
(31701547, 31701631)
(31701631, 31777158)
(31777158, 31777169)
(31777169, 127986323)
(127986323, 26232432)
(26232432, 26232430)
(26232430, 31777158)
(31777158, 31700825)
(31700825, 31700824)
(31700824, 31777169)
(31777169, 31777155)
(31777155, 437788235)
(437788235, 437733716)
(437733716, 31700823)
(31700823, 31777155)
(31777155, 127970525)
(127970525, 30453004)
(30453004, 31705445)
(31705445, 31705442)
(31705442, 31705722)
(31705722, 124069466)
(124069466, 5422441479)
(5422441479, 5422441477)
(5422441477, 5422441479)
(5422441479, 3486915660)
(3486915660, 5422441477)
(5422441477, 29239088)
(29239088, 124062159)
(124062159, 124062156)
(124062156, 124062151)
(124062151, 31776715)
(31776715, 31776716)
(31776716, 31776718)
(31776718, 31776840)
(31776840, 31776467)
(31776467, 31776143)
(31776143, 31776144)
(31776144, 31776133)
(31776133, 31776134)
(31776134, 31776141)
(31776141, 31776143)
(31776143, 124062159)
(124062159, 29793292)
(29793292, 31776716)
(31776716, 124062156)
(124062156, 31776037)
(31776037, 31776133)
(31776133, 3486915660)
(3486915660, 1374356024)
(1374356024, 31705722)
(31705722, 355412789)
(355412789, 31705442)
(31705442, 1374356024)
(1374356024, 31705840)
(31705840, 31705843)
(31705843, 209027839)
(209027839, 31776851)
(31776851, 31776850)
(31776850, 31776849)
(31776849, 31776848)
(31776848, 31701566)
(31701566, 31776849)
(31776849, 31776850)
(31776850, 209027843)
(209027843, 31701561)
(31701561, 471062548)
(471062548, 31701558)
(31701558, 31701556)
(31701556, 31776840)
(31776840, 31776170)
(31776170, 31776038)
(31776038, 31776467)
(31776467, 678766341)
(678766341, 678766343)
(678766343, 678766341)
(678766341, 31776468)
(31776468, 31776715)
(31776715, 208756312)
(208756312, 26233235)
(26233235, 29793292)
(29793292, 31776141)
(31776141, 31776468)
(31776468, 31776718)
(31776718, 31701555)
(31701555, 31701556)
(31701556, 29794075)
(29794075, 29794076)
(29794076, 31701558)
(31701558, 31776170)
(31776170, 471062551)
(471062551, 31705842)
(31705842, 31776851)
(31776851, 31776992)
(31776992, 209424842)
(209424842, 31776993)
(31776993, 209424870)
(209424870, 209424875)
(209424875, 209424893)
(209424893, 31776995)
(31776995, 209459400)
(209459400, 209459426)
(209459426, 2003367829)
(2003367829, 1707414519)
(1707414519, 209459392)
(209459392, 209459396)
(209459396, 209459400)
(209459400, 209459404)
(209459404, 209459407)
(209459407, 209459409)
(209459409, 31776998)
(31776998, 31776997)
(31776997, 209459407)
(209459407, 209451598)
(209451598, 209451597)
(209451597, 209459426)
(209459426, 209459389)
(209459389, 209451593)
(209451593, 209459446)
(209459446, 209473608)
(209473608, 209473583)
(209473583, 209473585)
(209473585, 209473591)
(209473591, 209473660)
(209473660, 2148391676)
(2148391676, 209424918)
(209424918, 438303103)
(438303103, 209473749)
(209473749, 209473754)
(209473754, 209473880)
(209473880, 209473873)
(209473873, 209473877)
(209473877, 438304340)
(438304340, 209481425)
(209481425, 209481429)
(209481429, 209481432)
(209481432, 209481478)
(209481478, 209493303)
(209493303, 209473970)
(209473970, 209493244)
(209493244, 209493248)
(209493248, 209493251)
(209493251, 209493341)
(209493341, 209493335)
(209493335, 209493344)
(209493344, 31777010)
(31777010, 31777098)
(31777098, 209424746)
(209424746, 30451686)
(30451686, 209424739)
(209424739, 209424742)
(209424742, 209424875)
(209424875, 31776994)
(31776994, 209459396)
(209459396, 2003367829)
(2003367829, 1898613403)
(1898613403, 3603691323)
(3603691323, 3603691324)
(3603691324, 3603691323)
(3603691323, 209459348)
(209459348, 477524374)
(477524374, 477524393)
(477524393, 209459326)
(209459326, 8976944118)
(8976944118, 182070147)
(182070147, 182062199)
(182062199, 209450086)
(209450086, 209451580)
(209451580, 209046783)
(209046783, 209046786)
(209046786, 8980062370)
(8980062370, 209451589)
(209451589, 209451593)
(209451593, 1707414519)
(1707414519, 1562478901)
(1562478901, 226499431)
(226499431, 8997083710)
(8997083710, 209424775)
(209424775, 209424792)
(209424792, 1562478901)
(1562478901, 31776989)
(31776989, 209046781)
(209046781, 209046783)
(209046783, 31776990)
(31776990, 209424855)
(209424855, 209424780)
(209424780, 209424815)
(209424815, 209424849)
(209424849, 1454537655)
(1454537655, 209424717)
(209424717, 209424849)
(209424849, 209424775)
(209424775, 209424780)
(209424780, 226499431)
(226499431, 209046803)
(209046803, 8996944106)
(8996944106, 8993404167)
(8993404167, 8996944095)
(8996944095, 182070154)
(182070154, 182070155)
(182070155, 209424658)
(209424658, 209424662)
(209424662, 209046758)
(209046758, 237602091)
(237602091, 237602087)
(237602087, 237602091)
(237602091, 209046764)
(209046764, 209046761)
(209046761, 209049348)
(209049348, 209046789)
(209046789, 209451589)
(209451589, 209459434)
(209459434, 8981434218)
(8981434218, 209459450)
(209459450, 209459453)
(209459453, 1898613403)
(1898613403, 209459331)
(209459331, 209459372)
(209459372, 209459376)
(209459376, 209459381)
(209459381, 209451597)
(209451597, 209459404)
(209459404, 31776996)
(31776996, 209424896)
(209424896, 32585978)
(32585978, 32586033)
(32586033, 209424883)
(209424883, 209424888)
(209424888, 209473583)
(209473583, 209473604)
(209473604, 2148391688)
(2148391688, 209424909)
(209424909, 31776999)
(31776999, 209459412)
(209459412, 209459415)
(209459415, 209459418)
(209459418, 438303111)
(438303111, 438303115)
(438303115, 438303119)
(438303119, 438303130)
(438303130, 209473717)
(209473717, 209473719)
(209473719, 209473730)
(209473730, 209473726)
(209473726, 1766430892)
(1766430892, 209473740)
(209473740, 209473760)
(209473760, 209473864)
(209473864, 209473870)
(209473870, 209473877)
(209473877, 31777004)
(31777004, 209473648)
(209473648, 1768863521)
(1768863521, 209473721)
(209473721, 209473726)
(209473726, 209473717)
(209473717, 209473713)
(209473713, 438303115)
(438303115, 438303119)
(438303119, 209473673)
(209473673, 209473675)
(209473675, 209473680)
(209473680, 209451606)
(209451606, 209459415)
(209459415, 31777000)
(31777000, 209424913)
(209424913, 209424918)
(209424918, 31777001)
(31777001, 209459418)
(209459418, 209473673)
(209473673, 209451606)
(209451606, 209451605)
(209451605, 209473687)
(209473687, 293706604)
(293706604, 293294416)
(293294416, 293294415)
(293294415, 293294414)
(293294414, 293294413)
(293294413, 291670189)
(291670189, 300079534)
(300079534, 31776951)
(31776951, 209046770)
(209046770, 31700343)
(31700343, 31700345)
(31700345, 461989044)
(461989044, 209046774)
(209046774, 209046776)
(209046776, 31777190)
(31777190, 8976944138)
(8976944138, 31700347)
(31700347, 182070147)
(182070147, 182066439)
(182066439, 8974853416)
(8974853416, 8974909601)
(8974909601, 209459331)
(209459331, 3603691324)
(3603691324, 209459326)
(209459326, 209459348)
(209459348, 209459450)
(209459450, 8992962930)
(8992962930, 8993137703)
(8993137703, 8993404167)
(8993404167, 209046803)
(209046803, 209424792)
(209424792, 31776988)
(31776988, 31776989)
(31776989, 31776990)
(31776990, 31776991)
(31776991, 209046786)
(209046786, 209046789)
(209046789, 209459389)
(209459389, 209459392)
(209459392, 31776993)
(31776993, 31776994)
(31776994, 31776995)
(31776995, 31776996)
(31776996, 31776997)
(31776997, 31776998)
(31776998, 31776999)
(31776999, 31777000)
(31777000, 31777001)
(31777001, 438303107)
(438303107, 31777002)
(31777002, 209473749)
(209473749, 209473873)
(209473873, 31777003)
(31777003, 209473643)
(209473643, 209473721)
(209473721, 209473713)
(209473713, 209473639)
(209473639, 31777002)
(31777002, 31777003)
(31777003, 31777004)
(31777004, 438304337)
(438304337, 31777006)
(31777006, 209473656)
(209473656, 209473884)
(209473884, 31777007)
(31777007, 209481450)
(209481450, 209481425)
(209481425, 31777006)
(31777006, 31777007)
(31777007, 31777008)
(31777008, 31777009)
(31777009, 31777010)
(31777010, 209473894)
(209473894, 5409926535)
(5409926535, 5422390981)
(5422390981, 127962991)
(127962991, 1825900796)
(1825900796, 437788242)
(437788242, 437788045)
(437788045, 437788046)
(437788046, 127962991)
(127962991, 437865929)
(437865929, 437788238)
(437788238, 1573345779)
(1573345779, 31777154)
(31777154, 437788235)
(437788235, 437788238)
(437788238, 30453004)
(30453004, 29794115)
(29794115, 31700339)
(31700339, 31700340)
(31700340, 209450092)
(209450092, 124530440)
(124530440, 209450083)
(209450083, 124500941)
(124500941, 1743954804)
(1743954804, 209450064)
(209450064, 209450076)
(209450076, 209450079)
(209450079, 209450049)
(209450049, 209450064)
(209450064, 1743954801)
(1743954801, 437791257)
(437791257, 1834639131)
(1834639131, 213972411)
(213972411, 225104751)
(225104751, 225104767)
(225104767, 9017718921)
(9017718921, 208863229)
(208863229, 9027096896)
(9027096896, 209424725)
(209424725, 209424706)
(209424706, 209424727)
(209424727, 225104777)
(225104777, 208863235)
(208863235, 208863229)
(208863229, 208863235)
(208863235, 208863242)
(208863242, 208863246)
(208863246, 3373402628)
(3373402628, 1215827358)
(1215827358, 208863117)
(208863117, 209444333)
(209444333, 208863123)
(208863123, 182071333)
(182071333, 182070153)
(182070153, 237599901)
(237599901, 8993137703)
(8993137703, 31777188)
(31777188, 299836991)
(299836991, 31777175)
(31777175, 182070153)
(182070153, 182070154)
(182070154, 26232418)
(26232418, 182071333)
(182071333, 2428617551)
(2428617551, 31777177)
(31777177, 291670189)
(291670189, 291670187)
(291670187, 300079530)
(300079530, 31776950)
(31776950, 209046768)
(209046768, 31700341)
(31700341, 31700342)
(31700342, 124530440)
(124530440, 124531258)
(124531258, 438328640)
(438328640, 437788052)
(437788052, 437788051)
(437788051, 221106473)
(221106473, 437788049)
(437788049, 437788053)
(437788053, 31777138)
(31777138, 221106473)
(221106473, 209432563)
(209432563, 319987376)
(319987376, 213972392)
(213972392, 213972409)
(213972409, 213972411)
(213972411, 437788051)
(437788051, 437791257)
(437791257, 209450046)
(209450046, 437788052)
(437788052, 31777138)
(31777138, 221101673)
(221101673, 290287298)
(290287298, 31777140)
(31777140, 31776937)
(31776937, 290287297)
(290287297, 31777167)
(31777167, 31777188)
(31777188, 31777189)
(31777189, 31777190)
(31777190, 209046778)
(209046778, 31776988)
(31776988, 31777189)
(31777189, 299836990)
(299836990, 31776953)
(31776953, 31777175)
(31777175, 2428617551)
(2428617551, 31776952)
(31776952, 209046774)
(209046774, 31700346)
(31700346, 31700347)
(31700347, 209046776)
(209046776, 31776953)
(31776953, 31776952)
(31776952, 31776951)
(31776951, 31776950)
(31776950, 209049352)
(209049352, 31776949)
(31776949, 209049350)
(209049350, 29794112)
(29794112, 438328644)
(438328644, 31700661)
(31700661, 31700825)
(31700825, 31700826)
(31700826, 31701555)
(31701555, 29794074)
(29794074, 29794075)
(29794075, 29794076)
(29794076, 471062543)
(471062543, 29794077)
(29794077, 31701561)
(31701561, 31705843)
(31705843, 31705842)
(31705842, 678766334)
(678766334, 678766332)
(678766332, 678766334)
(678766334, 31705840)
(31705840, 678766332)
(678766332, 31776038)
(31776038, 31776144)
(31776144, 29239088)
(29239088, 31776037)
(31776037, 31776036)
(31776036, 124062151)
(124062151, 124062147)
(124062147, 124066839)
(124066839, 124500941)
(124500941, 209450053)
(209450053, 209450049)
(209450049, 209450046)
(209450046, 209450076)
(209450076, 29794115)
(29794115, 124531258)
(124531258, 29794113)
(29794113, 31700339)
(31700339, 31700340)
(31700340, 31700341)
(31700341, 31700342)
(31700342, 31700343)
(31700343, 31700345)
(31700345, 31700346)
(31700346, 182062199)
(182062199, 182062200)
(182062200, 182066439)
(182066439, 182070159)
(182070159, 31705850)
(31705850, 31705849)
(31705849, 208932369)
(208932369, 208932388)
(208932388, 208932392)
(208932392, 208932403)
(208932403, 208932338)
(208932338, 208932442)
(208932442, 208932392)
(208932392, 31777085)
(31777085, 31777086)
(31777086, 208932380)
(208932380, 208932395)
(208932395, 208932355)
(208932355, 293294416)
(293294416, 209046758)
(209046758, 209046754)
(209046754, 293294415)
(293294415, 3577140054)
(3577140054, 208932355)
(208932355, 31777084)
(31777084, 208932442)
(208932442, 208932429)
(208932429, 208932422)
(208932422, 208932411)
(208932411, 208932423)
(208932423, 31776824)
(31776824, 31776825)
(31776825, 31705847)
(31705847, 208932338)
(208932338, 208932388)
(208932388, 31705848)
(31705848, 31705849)
(31705849, 208863259)
(208863259, 208863264)
(208863264, 31705848)
(31705848, 31705847)
(31705847, 31705846)
(31705846, 31776824)
(31776824, 31776823)
(31776823, 31705844)
(31705844, 31776929)
(31776929, 208932411)
(208932411, 31705845)
(31705845, 31705846)
(31705846, 208932403)
(208932403, 208932429)
(208932429, 31777083)
(31777083, 3577140054)
(3577140054, 208932417)
(208932417, 133342201)
(133342201, 293294414)
(293294414, 209046748)
(209046748, 209046751)
(209046751, 209046754)
(209046754, 26232424)
(26232424, 26232432)
(26232432, 31777146)
(31777146, 31777154)
(31777154, 31700821)
(31700821, 437733716)
(437733716, 437733306)
(437733306, 127970528)
(127970528, 221101680)
(221101680, 31776937)
(31776937, 31700662)
(31700662, 127970528)
(127970528, 31700823)
(31700823, 31700824)
(31700824, 31700662)
(31700662, 31700661)
(31700661, 31777140)
(31777140, 438328642)
(438328642, 29794113)
(29794113, 29794112)
(29794112, 29794111)
(29794111, 31776949)
(31776949, 31777180)
(31777180, 29794110)
(29794110, 29794111)
(29794111, 31700826)
(31700826, 31701631)
(31701631, 29794110)
(29794110, 26232428)
(26232428, 31701547)
(31701547, 26232430)
(26232430, 31777142)
(31777142, 29794134)
(29794134, 31776848)
(31776848, 5080594763)
(5080594763, 29794134)
(29794134, 29794135)
(29794135, 31701568)
(31701568, 29794081)
(29794081, 209046748)
(209046748, 26232426)
(26232426, 26232428)
(26232428, 29794081)
(29794081, 293294413)
(293294413, 29784599)
(29784599, 29794135)
(29794135, 31701566)
(31701566, 29794080)
(29794080, 29794079)
(29794079, 209027846)
(209027846, 29794078)
(29794078, 29794079)
(29794079, 269197137)
(269197137, 31776930)
(31776930, 208932422)
(208932422, 31777082)
(31777082, 208932417)
(208932417, 209046751)
(209046751, 209046761)
(209046761, 26232426)
(26232426, 31777180)
(31777180, 31777179)
(31777179, 209049348)
(209049348, 26232424)
(26232424, 209046764)
(209046764, 31777178)
(31777178, 31777179)
(31777179, 291670077)
(291670077, 291670187)
(291670187, 31777178)
(31777178, 31777177)
(31777177, 237602087)
(237602087, 209424667)
(209424667, 209424686)
(209424686, 209424721)
(209424721, 31777093)
(31777093, 6896814371)
(6896814371, 209424706)
(209424706, 209424717)
(209424717, 209424845)
(209424845, 209424929)
(209424929, 32585979)
(32585979, 124065476)
(124065476, 31776034)
(31776034, 31776035)
(31776035, 31776036)
(31776036, 31706262)
(31706262, 31706264)
(31706264, 124065476)
(124065476, 31776033)
(31776033, 124066839)
(124066839, 29793979)
(29793979, 29793980)
(29793980, 31776033)
(31776033, 31776034)
(31776034, 31776035)
(31776035, 124062147)
(124062147, 26233235)
(26233235, 208687501)
(208687501, 208678573)
(208678573, 26233234)
(26233234, 29793979)
(29793979, 29793980)
(29793980, 29793981)
(29793981, 29794074)
(29794074, 31776823)
(31776823, 208932423)
(208932423, 31705845)
(31705845, 31705844)
(31705844, 29794077)
(29794077, 29794078)
(29794078, 31776929)
(31776929, 31776930)
(31776930, 31777081)
(31777081, 133342201)
(133342201, 29784599)
(29784599, 29794080)
(29794080, 31777081)
(31777081, 31777082)
(31777082, 31777083)
(31777083, 31777084)
(31777084, 31777085)
(31777085, 208932395)
(208932395, 209424662)
(209424662, 209424667)
(209424667, 26232418)
